
I-band
Smart: False
ND4:
Region: [14 15 16 17 18 19 20 21 22 23 24 25 26 27 28 29 30 31 32 33 34 35 36 37
 38 39 40 41 42 43 44 45 46 47 48 49 50 51 52 53 54 55 56 57 58 59 60 61
 62 63 64]
Weights: [1 1 1 1 1 1 1 1 1 1 1 1 1 1 1 1 1 1 1 1 1 1 1 1 1 1 1 1 1 1 1 1 1 1 1 1 1
 1 1 1 1 1 1 1 1 1 1 1 1 1 1]
PSF:
Region: [  5   6   7   8   9  10  11  12  13  14  15  16  17  18  19  20  21  22
  23  24  25  26  27  28  29  30  31 120 130 140 150 160 170 180 190]
Weights: [15 15 15 15 15 15 15 15 15 15 15 15 15 15 15 15 15 15 15 15 15 15 15 15
 15 15 15  1  1  1  1  1  1  1  1]

Scaling factor: [4.33143941e+03 1.39559273e+00]
PSF factor: [33.90213464  0.90369931]

R-band
Smart: False
ND4:
Region: [14 15 16 17 18 19 20 21 22 23 24 25 26 27 28 29 30 31 32 33 34 35 36 37
 38 39 40 41 42 43 44 45 46 47 48 49 50 51 52 53 54 55 56 57 58 59 60 61
 62 63 64]
Weights: [1 1 1 1 1 1 1 1 1 1 1 1 1 1 1 1 1 1 1 1 1 1 1 1 1 1 1 1 1 1 1 1 1 1 1 1 1
 1 1 1 1 1 1 1 1 1 1 1 1 1 1]
PSF:
Region: [  5   6   7   8   9  10  11  12  13  14  15  16  17  18  19  20  21  22
  23  24  25  26  27  28  29  30  31 120 130 140 150 160 170 180 190]
Weights: [15 15 15 15 15 15 15 15 15 15 15 15 15 15 15 15 15 15 15 15 15 15 15 15
 15 15 15  1  1  1  1  1  1  1  1]

Scaling factor: [8.34743080e+03 1.21533858e+00]
PSF factor: [31.57875493  1.25425875]
