
I-band
Mixed: True
Smart: False
ND4:
Region: [14 15 16 17 18 19 20 21 22 23 24 25 26 27 28 29 30 31 32 33 34 35 36 37
 38 39 40 41 42 43 44 45 46 47 48 49 50 51 52 53 54 55 56 57 58 59 60 61
 62 63 64]
Weights: [2 2 2 2 2 2 2 1 1 1 1 1 1 1 1 1 1 1 1 1 1 1 1 1 1 1 1 1 1 1 1 1 1 1 1 1 1
 1 1 1 1 1 1 1 1 1 1 1 1 1 1]
PSF:
Region: [ 14  15  16  17  18  19  20  21  22  23  24  25  26  27  28  29  30  31
 120 130 140 150 160 170 180 190]
Weights: [3.5 3.5 3.5 3.5 3.5 3.5 3.5 3.5 3.5 3.5 3.5 3.5 3.5 3.5 3.5 3.5 3.5 3.5
 1.  1.  1.  1.  1.  1.  1.  1. ]

Scaling factor: [4.20658120e+03 1.38041747e+00]
PSF factor: [33.62645412  1.71362426  0.37736192]

R-band
Mixed: True
Smart: False
ND4:
Region: [14 15 16 17 18 19 20 21 22 23 24 25 26 27 28 29 30 31 32 33 34 35 36 37
 38 39 40 41 42 43 44 45 46 47 48 49 50 51 52 53 54 55 56 57 58 59 60 61
 62 63 64]
Weights: [2 2 2 2 2 2 2 1 1 1 1 1 1 1 1 1 1 1 1 1 1 1 1 1 1 1 1 1 1 1 1 1 1 1 1 1 1
 1 1 1 1 1 1 1 1 1 1 1 1 1 1]
PSF:
Region: [ 14  15  16  17  18  19  20  21  22  23  24  25  26  27  28  29  30  31
 120 130 140 150 160 170 180 190]
Weights: [3.5 3.5 3.5 3.5 3.5 3.5 3.5 3.5 3.5 3.5 3.5 3.5 3.5 3.5 3.5 3.5 3.5 3.5
 1.  1.  1.  1.  1.  1.  1.  1. ]

Scaling factor: [8.09594063e+03 1.20365983e+00]
PSF factor: [3.04262646e+01 1.12066695e+00 1.05385644e-03]
