
I-band
Mixed: True
Smart: False
ND4:
Region: [ 14  15  16  17  18  19  20  21  22  23  24  25  26  27  28  29  30  31
  32  33  34  35  36  37  38  39  40  41  42  43  44  45  46  47  48  49
  50  51  52  53  54  55  56  57  58  59  60  61  62  63  64 120 130 140
 150 160 170 180 190]
Weights: [   2    2    2    2    2    2    2    1    1    1    1    1    1    1
    1    1    1    1    1    1    1    1    1    1    1    1    1    1
    1    1    1    1    1    1    1    1    1    1    1    1    1    1
    1    1    1    1    1    1    1    1    1 1000 1000 1000 1000 1000
 1000 1000 1000]
PSF:
Region: [ 14  15  16  17  18  19  20  21  22  23  24  25  26  27  28  29  30  31
 120 130 140 150 160 170 180 190]
Weights: [3.5 3.5 3.5 3.5 3.5 3.5 3.5 3.5 3.5 3.5 3.5 3.5 3.5 3.5 3.5 3.5 3.5 3.5
 1.  1.  1.  1.  1.  1.  1.  1. ]

Scaling factor: [4.27637477e+03 1.38940168e+00]
PSF factor: [33.92112933  1.89017615  0.41338496]

R-band
Mixed: True
Smart: False
ND4:
Region: [ 14  15  16  17  18  19  20  21  22  23  24  25  26  27  28  29  30  31
  32  33  34  35  36  37  38  39  40  41  42  43  44  45  46  47  48  49
  50  51  52  53  54  55  56  57  58  59  60  61  62  63  64 120 130 140
 150 160 170 180 190]
Weights: [   2    2    2    2    2    2    2    1    1    1    1    1    1    1
    1    1    1    1    1    1    1    1    1    1    1    1    1    1
    1    1    1    1    1    1    1    1    1    1    1    1    1    1
    1    1    1    1    1    1    1    1    1 1000 1000 1000 1000 1000
 1000 1000 1000]
PSF:
Region: [ 14  15  16  17  18  19  20  21  22  23  24  25  26  27  28  29  30  31
 120 130 140 150 160 170 180 190]
Weights: [3.5 3.5 3.5 3.5 3.5 3.5 3.5 3.5 3.5 3.5 3.5 3.5 3.5 3.5 3.5 3.5 3.5 3.5
 1.  1.  1.  1.  1.  1.  1.  1. ]

Scaling factor: [8.16466215e+03 1.20722990e+00]
PSF factor: [3.13776677e+01 2.11421164e+00 2.16409971e-03]
